100
309869 402786
-978241 324241
-754561 -169623
-974820 739721
364243 610572
-951201 982230
824615 476756
-19235 38151
-243292 547918
743828 357401
-805006 728696
-209574 934968
295238 -959444
117199 127164
-118481 886059
-566975 -310259
-196150 -858065
-849658 82372
-891510 70204
-322093 -995424
616047 937988
-448219 385605
-949229 -436761
-866962 934709
-645018 -556379
605779 283483
-303531 -823580
574179 581172
-387640 -913210
-970998 -795118
713178 -101985
-141798 478184
177546 359057
178379 682679
326413 898393
-70339 686503
-129990 739252
741354 -742995
176914 404821
884196 -268002
907518 182489
-227819 -562102
-719720 149541
993272 -372571
-432244 -430830
-529988 -978301
41201 -526975
-708602 -281969
79786 73597
-791942 -308287
384859 -549641
-391705 -543411
513959 919275
-586527 -42784
-564934 317174
-595742 207538
-797407 297004
-702636 -469312
-874167 -579697
197903 -971995
365785 -449051
114923 -242757
428380 -92039
-354698 -603015
447854 23322
177218 -896683
196762 192483
347139 457159
-425807 -684408
-76062 -638995
-263932 36055
-807637 250582
-835089 262473
819105 744197
-824340 760709
-407803 -340518
875693 -819947
325927 -166091
335435 851052
28208 -394002
273972 -983513
509361 411744
-860045 -699059
-989224 10110
949864 -159795
956495 810241
496365 -163102
291936 -670271
-641414 864340
-407668 -834094
88855 -98895
-778676 687145
-568876 -482265
-772377 16708
866555 -486771
-878277 -276859
287383 -682061
87032 -280420
526693 -219381
110627 863970